,Country,Total Cases,New Cases,Total Deaths,New Deaths,Total Recovered,New Recovered,Active Cases,Serious/Critical,Tot Cases/1M,Deaths/1M,Total Tests,Tests/1M,Population,Continent,%Inc Cases,%Inc Deaths,%Inc Recovered
0,World,108713599,423352.0,2392701,12420.0,80882148,403010.0,25438750,99392,13947.0,307.0,-1,-1,-1,All,0.38941954262778106,0.5190786479380416,0.49826817161186177
1,USA,28106704,100288.0,492521,2908.0,18040312,108946.0,9573871,19927,84607.0,1483.0,332129922,999777,332203863,North America,0.3568116702691287,0.590431677024939,0.603903081055361
2,India,10892550,12137.0,155588,104.0,10598709,11358.0,138253,8944,7845.0,112.0,204789784,147502,1388382654,Asia,0.11142478115776379,0.0668432012751626,0.1071639951620523
3,Brazil,9765694,49396.0,237601,1204.0,8678327,34634.0,849766,8318,45742.0,1113.0,28600000,133962,213493872,South America,0.5058114661385048,0.5067318740240992,0.39908613722437514
4,Russia,4042837,15089.0,79194,507.0,3559142,20720.0,404501,2300,27696.0,543.0,106000000,726160,145973298,Europe,0.37322800795579936,0.6402000151526631,0.5821627796811704
5,UK,4013798,15143.0,116287,758.0,2094007,37746.0,1803504,3036,58934.0,1707.0,81044007,1189955,68106775,Europe,0.37727359473496175,0.6518355448158436,1.8025727707691521
6,France,3427386,20701.0,81448,429.0,238753,-1.0,3107185,3337,52436.0,1246.0,47466482,726197,65363069,Europe,0.6039879955161164,0.5267164325704744,-0.00041884290459177475
7,Spain,3056035,14581.0,64747,530.0,0,0.0,0,4432,65347.0,1384.0,35782465,765138,46766017,Europe,0.47712149893571243,0.818570744590483,
8,Italy,2697287,13899.0,93045,316.0,2202077,16422.0,402165,2095,44652.0,1540.0,35690405,590836,60406596,Europe,0.5152955543848319,0.33962061368155194,0.7457504891972442
9,Turkey,2572190,7763.0,27284,97.0,2461204,8108.0,83702,1250,30297.0,321.0,31289306,368547,84899190,Asia,0.30180507660787115,0.35551971851634656,0.32943226160854605
10,Germany,2330422,9207.0,65036,523.0,2101000,13400.0,164386,3736,27760.0,775.0,41758675,497423,83949972,Europe,0.3950786595732446,0.804169998154868,0.6377915278438838
11,Colombia,2185169,5528.0,57196,213.0,2072793,7584.0,55180,3482,42664.0,1117.0,10770359,210286,51217641,South America,0.2529781449398193,0.37240366459192953,0.3658831344953403
12,Argentina,2015496,7151.0,50029,155.0,1814160,7900.0,151307,3538,44343.0,1101.0,6739079,148268,45451969,South America,0.35480100183776103,0.30982030422355034,0.4354632446972703
13,Mexico,1968566,10677.0,171234,1474.0,1528304,8732.0,269028,4798,15170.0,1320.0,5016163,38655,129768938,North America,0.5423745000167635,0.8608103530840837,0.571352296401763
14,Poland,1577035,6378.0,40425,248.0,1330127,6026.0,206483,1277,41697.0,1069.0,9128691,241367,37820866,Europe,0.404429831931441,0.6134817563388991,0.45303944660923356
15,Iran,1503753,7298.0,58809,58.0,1285014,6157.0,159930,3762,17763.0,695.0,9938625,117401,84655703,Asia,0.4853190650326217,0.09862436021697359,0.47913874868289374
16,South Africa,1487681,2781.0,47670,288.0,1383626,5646.0,56385,546,24890.0,798.0,8641447,144579,59769721,Africa,0.1869352367879942,0.6041535556954059,0.40805824695401793
17,Ukraine,1262867,4773.0,24174,116.0,1106155,7211.0,132538,177,28985.0,555.0,6447576,147981,43570180,Europe,0.3779495386291668,0.47985438901298916,0.6518977900927085
18,Peru,1220748,8439.0,43255,210.0,1130923,6687.0,46570,2051,36709.0,1301.0,6825553,205250,33254816,South America,0.6912974667990446,0.48549300658883365,0.5912869399596613
19,Indonesia,1201859,9869.0,32656,275.0,1004117,11000.0,165086,-1,4365.0,119.0,9933751,36082,275308939,Asia,0.8211445768596816,0.842111709946105,1.0954898682125689
20,Czechia,1074067,9001.0,17985,120.0,963189,590.0,92893,1075,100181.0,1678.0,6853674,639258,10721302,Europe,0.8380296573677435,0.6672226855713094,0.0612548523706147
21,Netherlands,1021643,4341.0,14727,65.0,0,0.0,0,534,59542.0,858.0,6970400,406239,17158380,Europe,0.42490380690710944,0.44136619813947175,
22,Canada,820306,3143.0,21162,74.0,762200,3872.0,36944,672,21617.0,558.0,22883055,603033,37946622,North America,0.38314970267192977,0.3496833947642,0.5080031487798479
23,Portugal,781223,2854.0,15034,149.0,652739,7617.0,113450,846,76754.0,1477.0,7766721,763072,10178226,Europe,0.3653246256190614,0.9910868697618732,1.1669288950101036
24,Chile,768471,4164.0,19345,83.0,725945,2452.0,23181,1544,39988.0,1007.0,8615052,448290,19217601,South America,0.54185519037153,0.4290514344791936,0.3377666352134115
25,Romania,757676,2550.0,19277,77.0,703966,2683.0,34433,973,39549.0,1006.0,5685927,296795,19157767,Europe,0.3365554669806091,0.39943974684857597,0.3811263612163087
26,Belgium,733100,2149.0,21551,39.0,50362,161.0,661187,303,63085.0,1855.0,8778942,755447,11620863,Europe,0.2931387259582594,0.18096608046030346,0.3196854771454668
27,Israel,718746,3934.0,5304,21.0,651522,6590.0,61920,1002,78145.0,577.0,11358022,1234891,9197590,Asia,0.5473421765129823,0.39592760180995473,1.011477739815386
28,Iraq,639438,2530.0,13157,13.0,604822,1008.0,21459,259,15682.0,323.0,6151665,150866,40775718,Asia,0.39565993888383233,0.09880671885688228,0.16666060427696083
29,Sweden,608411,-1.0,12428,35.0,0,0.0,0,226,60012.0,1226.0,5510486,543535,10138229,Europe,-0.00016436257727095663,0.28162214354682974,
30,Pakistan,560363,1270.0,12218,33.0,518164,1481.0,29981,1743,2507.0,55.0,8360823,37404,223526127,Asia,0.22663880377540987,0.27009330495989525,0.2858168456318849
31,Philippines,545295,2017.0,11495,26.0,500648,327.0,33152,807,4936.0,104.0,8246989,74647,110479940,Asia,0.36989152660486524,0.22618529795563289,0.0653153513047091
32,Switzerland,540727,1253.0,9747,18.0,317600,-1.0,213380,225,62197.0,1121.0,4674340,537666,8693760,Europe,0.23172506643833207,0.18467220683287164,-0.00031486146095717883
33,Bangladesh,539975,404.0,8253,5.0,486393,422.0,45329,-1,3259.0,50.0,3822345,23068,165702507,Asia,0.07481827862401037,0.06058403004967891,0.08676111703910212
34,Morocco,477656,496.0,8450,10.0,457956,631.0,11250,320,12847.0,227.0,5504749,148055,37180411,Africa,0.10384042072118847,0.1183431952662722,0.13778616286280776
35,Austria,430870,1731.0,8170,32.0,408426,1271.0,14274,262,47672.0,904.0,4786728,529611,9038203,Europe,0.40174530600877295,0.39167686658506734,0.31119468398192085
36,Serbia,417871,1928.0,4199,16.0,31536,-1.0,382136,129,47946.0,482.0,2753786,315965,8715480,Europe,0.4613864087242235,0.3810431055013098,-0.0031709791983764585
37,Japan,411751,1739.0,6774,96.0,378024,2570.0,26953,701,3262.0,54.0,7481377,59265,126235750,Asia,0.42234262940466444,1.41718334809566,0.6798510147503862
38,Hungary,383735,1860.0,13543,99.0,289520,2386.0,80672,299,39785.0,1404.0,3338289,346112,9645105,Europe,0.4847095000456044,0.7310049472051983,0.8241226858248135
39,Saudi Arabia,372073,353.0,6424,4.0,362947,305.0,2702,447,10586.0,183.0,12899937,367022,35147567,Asia,0.09487385539934368,0.062266500622665005,0.08403430803946582
40,Jordan,343563,1579.0,4433,12.0,324711,641.0,14419,154,33467.0,432.0,4159350,405170,10265680,Asia,0.4595954744835736,0.27069704489059326,0.19740630899476763
41,UAE,342974,3307.0,986,12.0,323191,3404.0,18797,-1,34421.0,99.0,27722025,2782191,9964100,Asia,0.964213030725361,1.2170385395537524,1.053247151065469
42,Lebanon,334093,2934.0,3915,49.0,224380,2302.0,105798,886,49085.0,575.0,2777796,408114,6806429,Asia,0.8781985854238191,1.251596424010217,1.0259381406542474
43,Panama,330985,910.0,5595,23.0,306634,3024.0,18756,202,75974.0,1284.0,1782418,409134,4356567,North America,0.2749369306766168,0.4110813226094728,0.986192007409485
44,Slovakia,273904,2431.0,5733,104.0,255300,1782.0,12871,585,50154.0,1050.0,1881532,344522,5461283,Europe,0.887537239324727,1.8140589569160999,0.6980023501762632
45,Nepal,272557,127.0,2054,2.0,268796,136.0,1707,-1,9252.0,70.0,2111649,71681,29458887,Asia,0.04659575795154775,0.09737098344693282,0.05059599101177101
46,Belarus,265284,1733.0,1830,10.0,254032,1964.0,9422,-1,28080.0,194.0,4643526,491514,9447393,Europe,0.6532621643220096,0.546448087431694,0.7731309441330226
47,Georgia,264665,507.0,3336,15.0,256684,660.0,4645,-1,66425.0,837.0,2406994,604103,3984409,Asia,0.19156291916195947,0.44964028776978415,0.25712549282386127
48,Ecuador,263517,1304.0,15220,46.0,220398,-1.0,27899,497,14798.0,855.0,933000,52392,17807982,South America,0.49484473487478986,0.30223390275952694,-0.0004537246254503217
49,Malaysia,258306,3318.0,953,17.0,205774,3505.0,51579,258,7918.0,29.0,5474691,167824,32621640,Asia,1.2845230075956424,1.7838405036726128,1.7033250070465658
50,Croatia,237080,371.0,5282,19.0,229327,431.0,2471,91,57973.0,1292.0,1255786,307075,4089504,Europe,0.1564872616838198,0.3597122302158274,0.18794123674927068
51,Bolivia,233854,1352.0,11044,48.0,174329,1619.0,48481,71,19867.0,938.0,630026,53523,11771134,South America,0.5781384966688617,0.4346251358203549,0.9287037727515216
52,Azerbaijan,231840,191.0,3173,3.0,226345,226.0,2322,-1,22739.0,311.0,2485483,243779,10195637,Asia,0.08238440303657694,0.09454774661203907,0.09984757781263116
53,Bulgaria,229010,966.0,9594,33.0,196204,522.0,23212,304,33114.0,1387.0,1513852,218896,6915856,Europe,0.4218156412383739,0.3439649781113196,0.26604962182218506
54,Dominican Republic,227764,1050.0,2917,13.0,173882,1320.0,50965,264,20867.0,267.0,1127561,103303,10915078,North America,0.46100349484554193,0.4456633527596846,0.7591355056877653
55,Tunisia,221455,977.0,7461,32.0,181198,368.0,32796,354,18618.0,627.0,918123,77186,11894958,Africa,0.4411731503014157,0.42889693070633966,0.20309274936809457
56,Ireland,207720,919.0,3865,19.0,23364,-1.0,180491,169,41779.0,777.0,3288084,661344,4971820,Europe,0.442422491815906,0.49159120310478654,-0.004280089025851737
57,Denmark,203793,428.0,2280,11.0,195625,501.0,5888,68,35107.0,393.0,14925205,2571165,5804841,Europe,0.21001702708140124,0.4824561403508772,0.25610223642172525
58,Kazakhstan,200044,951.0,2540,-1.0,181974,1167.0,15530,221,10576.0,134.0,6399596,338330,18915231,Asia,0.475395413009138,-0.03937007874015748,0.6413004055524416
59,Costa Rica,199187,431.0,2714,4.0,160946,484.0,35527,168,38882.0,530.0,629031,122789,5122854,North America,0.21637958300491497,0.14738393515106854,0.3007219812856486
60,Lithuania,189731,534.0,3040,21.0,172736,959.0,13955,128,70308.0,1127.0,2006910,743699,2698553,Europe,0.28145110709372745,0.6907894736842105,0.5551824749907374
61,Slovenia,178143,1065.0,3692,15.0,160953,1296.0,13498,155,85682.0,1776.0,851403,409503,2079115,Europe,0.5978343241104056,0.40628385698808234,0.8052040036532404
62,Kuwait,176052,1021.0,992,7.0,164537,642.0,10523,122,40852.0,230.0,1651287,383177,4309461,Asia,0.5799422897780201,0.7056451612903225,0.3901857940767122
63,Egypt,172602,609.0,9899,42.0,134215,508.0,28488,90,1667.0,96.0,1000000,9660,103520014,Africa,0.35283484548267113,0.42428528134154964,0.378497187348657
64,Greece,170244,1372.0,6077,21.0,150901,462.0,13266,293,16383.0,585.0,4648406,447333,10391374,Europe,0.8059021169615375,0.3455652460095442,0.30616099296890015
65,Armenia,168830,154.0,3138,3.0,160838,168.0,4854,-1,56909.0,1058.0,676431,228010,2966678,Asia,0.09121601611088077,0.09560229445506692,0.10445292779069622
66,Moldova,168826,1280.0,3626,19.0,156198,641.0,9002,286,41912.0,900.0,662707,164520,4028136,Europe,0.7581770580360845,0.5239933811362383,0.4103765733236021
67,Guatemala,166283,751.0,6057,34.0,152920,710.0,7306,5,9177.0,334.0,845614,46670,18119185,North America,0.4516396745307698,0.5613339937262671,0.46429505623855605
68,Palestine,166200,665.0,1918,8.0,155362,635.0,8920,56,32122.0,371.0,1071752,207139,5174064,Asia,0.4001203369434416,0.4171011470281543,0.40872285372227446
69,Honduras,158355,887.0,3838,32.0,62991,871.0,91526,416,15833.0,384.0,404607,40454,10001543,North America,0.5601338764169114,0.8337675872850442,1.3827372164277436
70,Qatar,156351,450.0,254,-1.0,147939,212.0,8158,80,55684.0,90.0,1455165,518257,2807805,Asia,0.2878139570581576,-0.39370078740157477,0.14330230703195235
71,Ethiopia,145548,686.0,2177,6.0,127864,242.0,15507,260,1247.0,19.0,2033790,17427,116706493,Africa,0.4713221755022398,0.2756086357372531,0.18926359256710254
72,Nigeria,144521,1005.0,1734,24.0,118866,854.0,23921,10,691.0,8.0,1398630,6683,209266630,Africa,0.6954006684149708,1.384083044982699,0.7184560765904463
73,Paraguay,142598,823.0,2904,13.0,118750,895.0,20944,243,19842.0,404.0,693803,96542,7186565,South America,0.5771469445574271,0.4476584022038568,0.7536842105263157
74,Myanmar,141543,21.0,3188,4.0,129287,306.0,9068,-1,2591.0,58.0,2473356,45270,54635431,Asia,0.01483648078675738,0.12547051442910914,0.23668272912203084
75,Oman,136622,-1.0,1539,-1.0,128461,-1.0,6622,45,26344.0,297.0,1550000,298877,5186083,Asia,-0.0007319465386248188,-0.0649772579597141,-0.0007784463767213396
76,Venezuela,132259,431.0,1267,7.0,124253,442.0,6739,107,4659.0,45.0,2764178,97379,28385855,South America,0.32587574380571455,0.5524861878453038,0.3557258174852921
77,Libya,126881,520.0,2014,5.0,109262,828.0,15605,-1,18312.0,291.0,692111,99888,6928867,Africa,0.40983283549152355,0.24826216484607747,0.7578114989657886
78,Bosnia and Herzegovina,125402,279.0,4881,13.0,104135,1796.0,16386,-1,38371.0,1494.0,625798,191486,3268112,Europe,0.22248448988054417,0.2663388649866831,1.7246843040284245
79,Bahrain,111312,896.0,395,2.0,103878,627.0,7039,59,64063.0,227.0,2874570,1654383,1737548,Asia,0.8049446600546212,0.5063291139240507,0.6035926760237971
80,Algeria,110303,254.0,2932,2.0,75628,192.0,31743,42,2488.0,66.0,-1,-1,44337678,Africa,0.23027478853702982,0.06821282401091405,0.2538742264769662
81,Kenya,102613,260.0,1794,-1.0,84873,83.0,15946,31,1883.0,33.0,1233920,22642,54497452,Africa,0.2533792014657012,-0.055741360089186176,0.097793173329563
82,North Macedonia,96518,366.0,2971,5.0,87324,202.0,6223,131,46329.0,1426.0,482026,231374,2083321,Europe,0.3792038790691892,0.1682935038707506,0.23132243140488296
83,Albania,90835,1059.0,1531,14.0,55243,881.0,34061,37,31585.0,532.0,402000,139785,2875845,Europe,1.1658501678868278,0.9144350097975179,1.5947721883315533
84,Kyrgyzstan,85398,70.0,1439,2.0,82098,92.0,1861,50,12958.0,218.0,693811,105276,6590408,Asia,0.08196913276657533,0.13898540653231412,0.11206119515700748
85,S. Korea,82837,403.0,1507,11.0,72936,298.0,8394,161,1615.0,29.0,6093369,118787,51296563,Asia,0.4864975795840023,0.7299270072992701,0.4085773829110453
86,Uzbekistan,79340,37.0,622,-1.0,77780,54.0,938,153,2350.0,18.0,1377915,40805,33767935,Asia,0.046634736576758255,-0.1607717041800643,0.06942658781177681
87,Latvia,75509,808.0,1431,15.0,62844,-1.0,11234,97,40311.0,764.0,1296148,691949,1873184,Europe,1.0700711173502497,1.0482180293501049,-0.0015912418051047036
88,Ghana,74347,790.0,505,11.0,66333,218.0,7509,109,2362.0,16.0,822643,26140,31470875,Africa,1.0625849059141592,2.178217821782178,0.32864486756214856
89,Sri Lanka,74056,940.0,384,5.0,66984,773.0,6688,-1,3449.0,18.0,1831420,85306,21468862,Asia,1.2693097115696228,1.3020833333333335,1.1540069270273499
90,Montenegro,68004,563.0,880,11.0,58561,351.0,8563,68,108267.0,1401.0,251153,399852,628115,Europe,0.8278924769131227,1.25,0.599375010672632
91,Zambia,67681,1083.0,931,17.0,61302,1313.0,5448,372,3620.0,50.0,1004884,53742,18698438,Africa,1.6001536620321803,1.8259935553168638,2.1418550781377443
92,Norway,66236,425.0,592,-1.0,57004,-1.0,8640,18,12159.0,109.0,3562573,653989,5447447,Europe,0.6416450268736035,-0.16891891891891891,-0.0017542628587467548
93,Singapore,59777,18.0,29,-1.0,59569,11.0,179,1,10168.0,5.0,6799834,1156673,5878786,Asia,0.030111915954296804,-3.4482758620689653,0.018465980627507598
94,El Salvador,57428,199.0,1727,8.0,51983,984.0,3718,58,8826.0,265.0,717882,110334,6506468,North America,0.34652086090408857,0.4632310364794441,1.8929265336744705
95,Afghanistan,55473,28.0,2427,3.0,48390,111.0,4656,1010,1406.0,61.0,272256,6899,39465679,Asia,0.05047500585870603,0.12360939431396785,0.22938623682579046
96,Luxembourg,52539,147.0,606,2.0,49301,135.0,2632,14,83099.0,958.0,1981645,3134309,632243,Europe,0.2797921543995889,0.33003300330033003,0.2738281170767327
97,Estonia,50989,713.0,486,6.0,40476,548.0,10027,34,38422.0,366.0,832395,627234,1327089,Europe,1.3983408186079351,1.2345679012345678,1.3538887241822315
98,Finland,49572,407.0,710,2.0,40000,-1.0,8862,18,8938.0,128.0,3038900,547939,5546059,Europe,0.8210279996772372,0.28169014084507044,-0.0025
99,Mozambique,48588,798.0,514,13.0,31016,892.0,17058,-1,1528.0,16.0,377127,11863,31790304,Africa,1.642380834774018,2.529182879377432,2.875935001289657
100,Uruguay,47828,574.0,527,3.0,41966,540.0,5335,79,13739.0,151.0,920230,264344,3481190,South America,1.200133812829305,0.5692599620493358,1.2867559452890436
101,Uganda,39979,37.0,328,-1.0,14520,50.0,25131,-1,858.0,7.0,852444,18284,46621373,Africa,0.09254858800870457,-0.3048780487804878,0.34435261707988984
102,Cuba,36595,823.0,257,4.0,31534,839.0,4804,72,3232.0,23.0,2106593,186057,11322323,North America,2.2489411121737946,1.556420233463035,2.6606202828692838
103,Namibia,35554,201.0,384,2.0,34002,52.0,1168,13,13839.0,149.0,280713,109262,2569184,Africa,0.5653372335039658,0.5208333333333333,0.15293218045997295
104,Zimbabwe,35045,96.0,1393,11.0,29959,488.0,3693,12,2337.0,93.0,309283,20624,14996169,Africa,0.27393351405335997,0.7896625987078248,1.6288928201875896
105,Cyprus,32288,113.0,219,1.0,2057,-1.0,30012,29,26623.0,181.0,1442930,1189757,1212794,Asia,0.34997522299306244,0.45662100456621,-0.04861448711716091
106,Cameroon,32098,-1.0,479,-1.0,29609,-1.0,2010,25,1191.0,18.0,149000,5529,26950266,Africa,-0.0031154589070970153,-0.20876826722338201,-0.0033773514809686245
107,Ivory Coast,30717,191.0,173,2.0,28914,178.0,1630,-1,1147.0,6.0,378905,14150,26778066,Africa,0.6218055148614774,1.1560693641618496,0.6156187314103895
108,Senegal,30376,462.0,735,11.0,24890,293.0,4751,56,1785.0,43.0,354085,20812,17013721,Africa,1.5209375823018172,1.4965986394557822,1.1771795901968662
109,Australia,28887,10.0,909,-1.0,26111,4.0,1867,1,1125.0,35.0,13524971,526624,25682404,Australia/Oceania,0.03461764807698965,-0.11001100110011,0.015319214124315424
110,Malawi,28630,360.0,926,12.0,13347,468.0,14357,4,1473.0,48.0,168776,8685,19432301,Africa,1.2574222843171499,1.2958963282937366,3.5064059339177343
111,Sudan,27820,-1.0,1849,-1.0,22208,-1.0,3763,-1,625.0,42.0,-1,-1,44476431,Africa,-0.0035945363048166786,-0.05408328826392645,-0.0045028818443804035
112,Botswana,24926,-1.0,202,-1.0,21214,-1.0,3510,1,10470.0,85.0,706026,296554,2380770,Africa,-0.004011875150445318,-0.49504950495049505,-0.004713868200245121
113,Thailand,24279,175.0,80,-1.0,20210,411.0,3989,1,347.0,1.0,1217873,17421,69908562,Asia,0.7207875118415091,-1.25,2.033646709549728
114,DRC,24152,126.0,691,5.0,15182,12.0,8279,-1,265.0,8.0,-1,-1,91222052,Africa,0.5216959258032461,0.723589001447178,0.07904096956922672
115,Angola,20294,33.0,490,3.0,18786,76.0,1018,8,606.0,15.0,178539,5331,33489529,Africa,0.16260963831674385,0.6122448979591837,0.4045565846907271
116,Malta,19497,164.0,288,2.0,16811,165.0,2398,18,44084.0,651.0,648516,1466328,442272,Europe,0.841155049494794,0.6944444444444444,0.9815002081970139
117,Madagascar,19360,-1.0,285,-1.0,18490,-1.0,585,16,688.0,10.0,114282,4063,28126468,Africa,-0.005165289256198347,-0.3508771929824561,-0.005408328826392645
118,Jamaica,18527,290.0,368,5.0,12504,48.0,5655,23,6240.0,124.0,182670,61522,2969172,North America,1.5652831003400443,1.358695652173913,0.3838771593090211
119,French Polynesia,18263,6.0,135,-1.0,4842,-1.0,13286,5,64782.0,479.0,26355,93486,281913,Australia/Oceania,0.03285330997097957,-0.7407407407407408,-0.020652622883106157
120,Maldives,17507,120.0,56,-1.0,15142,61.0,2309,178,32041.0,102.0,453895,830707,546396,Asia,0.6854401096704176,-1.7857142857142856,0.40285299167877425
121,Rwanda,17200,132.0,236,5.0,13937,259.0,3027,16,1308.0,18.0,938902,71406,13148726,Africa,0.7674418604651163,2.11864406779661,1.8583626318432949
122,Mauritania,16954,29.0,427,-1.0,16186,31.0,341,23,3589.0,90.0,156527,33132,4724390,Africa,0.1710510793912941,-0.234192037470726,0.19152353886074386
123,French Guiana,16456,160.0,80,1.0,9995,-1.0,6381,11,54236.0,264.0,143389,472581,303417,South America,0.9722897423432183,1.25,-0.010005002501250627
124,Eswatini,16455,59.0,630,11.0,12140,104.0,3685,67,14093.0,540.0,141608,121283,1167580,Africa,0.3585536311151626,1.746031746031746,0.85667215815486
125,Guinea,14860,-1.0,84,-1.0,14412,-1.0,364,24,1113.0,6.0,127079,9519,13350501,Africa,-0.006729475100942126,-1.1904761904761905,-0.006938662225922843
126,Syria,14765,41.0,971,3.0,8520,82.0,5274,-1,831.0,55.0,-1,-1,17760936,Asia,0.277683711479851,0.30895983522142123,0.9624413145539906
127,Cabo Verde,14647,46.0,139,1.0,14134,50.0,374,23,26169.0,248.0,113493,202770,559714,Africa,0.31405748617464324,0.7194244604316548,0.35375689825951606
128,Mayotte,12702,262.0,72,-1.0,2964,-1.0,9666,28,45881.0,260.0,88733,320515,276845,Africa,2.062667296488742,-1.3888888888888888,-0.033738191632928474
129,Gabon,12577,406.0,73,2.0,11534,259.0,970,22,5570.0,32.0,480180,212667,2257901,Africa,3.228114812753439,2.73972602739726,2.2455349401768685
130,Belize,12134,20.0,313,-1.0,11623,18.0,198,1,30179.0,778.0,77212,192039,402064,North America,0.16482610845557935,-0.3194888178913738,0.15486535317904157
131,Haiti,12016,-1.0,246,-1.0,9258,-1.0,2512,-1,1046.0,21.0,49333,4294,11488250,North America,-0.008322237017310254,-0.40650406504065045,-0.01080146899978397
132,Burkina Faso,11538,63.0,137,1.0,10758,227.0,643,-1,543.0,6.0,-1,-1,21253512,Africa,0.5460218408736349,0.7299270072992701,2.110057631530024
133,Réunion,10907,-1.0,47,-1.0,10049,-1.0,811,17,12129.0,52.0,98785,109851,899263,Africa,-0.009168423947923353,-2.127659574468085,-0.009951238929246691
134,Hong Kong,10756,24.0,192,1.0,10136,59.0,428,22,1428.0,25.0,7089664,940951,7534576,Asia,0.2231312755671253,0.5208333333333333,0.5820836621941594
135,Andorra,10427,36.0,106,-1.0,9833,52.0,488,15,134817.0,1371.0,193595,2503103,77342,Europe,0.345257504555481,-0.9433962264150944,0.5288314858130784
136,Lesotho,9852,33.0,225,13.0,2940,44.0,6687,-1,4576.0,105.0,53730,24959,2152747,Africa,0.33495736906211937,5.777777777777778,1.4965986394557822
137,Guadeloupe,9351,-1.0,156,-1.0,2242,-1.0,6953,5,23368.0,390.0,124404,310881,400166,North America,-0.010694043417816277,-0.641025641025641,-0.04460303300624443
138,Suriname,8778,13.0,166,-1.0,8179,24.0,433,7,14881.0,281.0,38924,65986,589879,South America,0.14809751651856914,-0.6024096385542169,0.2934344051840078
139,Congo,8419,65.0,123,1.0,7019,-1.0,1277,-1,1503.0,22.0,92500,16514,5601225,Africa,0.7720631904026607,0.8130081300813009,-0.014247043738424277
140,Bahamas,8311,-1.0,178,-1.0,6931,-1.0,1202,1,21010.0,450.0,63374,160211,395565,North America,-0.01203224642040669,-0.5617977528089888,-0.014427932477276006
141,Mali,8222,4.0,340,-1.0,6154,44.0,1728,-1,399.0,16.0,145929,7082,20606934,Africa,0.048649963512527365,-0.29411764705882354,0.7149821254468639
142,Guyana,8181,46.0,186,2.0,7281,124.0,714,7,10370.0,236.0,54546,69142,788902,South America,0.562278450067229,1.0752688172043012,1.7030627661035573
143,Trinidad and Tobago,7637,5.0,137,1.0,7323,5.0,177,2,5446.0,98.0,89241,63639,1402297,North America,0.065470734581642,0.7299270072992701,0.06827802813054759
144,Aruba,7368,30.0,68,-1.0,7017,55.0,283,11,68830.0,635.0,93566,874065,107047,North America,0.40716612377850164,-1.4705882352941175,0.7838107453327633
145,Martinique,6553,-1.0,45,-1.0,98,-1.0,6410,3,17471.0,120.0,94694,252461,375084,North America,-0.015260186174271325,-2.2222222222222223,-1.0204081632653061
146,Nicaragua,6347,-1.0,171,-1.0,4225,-1.0,1951,-1,951.0,26.0,-1,-1,6673167,North America,-0.01575547502757208,-0.5847953216374269,-0.023668639053254437
147,Iceland,6033,7.0,29,-1.0,5978,2.0,26,-1,17609.0,85.0,488851,1426831,342613,Europe,0.11602850986242334,-3.4482758620689653,0.03345600535296086
148,Djibouti,5967,1.0,63,-1.0,5854,-1.0,50,-1,5986.0,63.0,111672,112025,996848,Africa,0.016758840288252055,-1.5873015873015872,-0.01708233686368295
149,Togo,5757,70.0,80,-1.0,4899,110.0,778,-1,686.0,10.0,218125,25975,8397577,Africa,1.2159110647906894,-1.25,2.2453561951418655
150,Equatorial Guinea,5663,-1.0,87,-1.0,5422,-1.0,154,1,3957.0,61.0,92894,64913,1431053,Africa,-0.017658484901995408,-1.1494252873563218,-0.018443378827001106
151,South Sudan,5134,-1.0,72,-1.0,3729,-1.0,1333,9,455.0,6.0,96084,8522,11274679,Africa,-0.019477989871445268,-1.3888888888888888,-0.026816840976133013
152,Somalia,5075,62.0,146,2.0,3733,1.0,1196,-1,314.0,9.0,-1,-1,16164080,Africa,1.2216748768472907,1.36986301369863,0.026788106080900084
153,CAR,4996,-1.0,63,-1.0,4885,-1.0,48,2,1023.0,13.0,35523,7277,4881395,Africa,-0.020016012810248198,-1.5873015873015872,-0.020470829068577275
154,Niger,4678,13.0,169,2.0,4135,35.0,374,3,189.0,7.0,76869,3107,24739091,Africa,0.2778965369816161,1.183431952662722,0.8464328899637243
155,Curaçao,4643,10.0,22,-1.0,4559,2.0,62,2,28223.0,134.0,46639,283504,164509,North America,0.21537798836958863,-4.545454545454546,0.043869269576661554
156,Benin,4560,-1.0,56,-1.0,3772,-1.0,732,-1,370.0,5.0,443877,36037,12317377,Africa,-0.021929824561403508,-1.7857142857142856,-0.02651113467656416
157,Gambia,4302,-1.0,135,-1.0,3891,-1.0,276,1,1750.0,55.0,38070,15487,2458136,Africa,-0.023245002324500233,-0.7407407407407408,-0.02570033410434336
158,Gibraltar,4212,9.0,84,1.0,4032,11.0,96,8,125041.0,2494.0,171263,5084251,33685,Europe,0.2136752136752137,1.1904761904761905,0.2728174603174603
159,Channel Islands,3980,19.0,83,-1.0,3568,34.0,329,4,22762.0,475.0,342089,1956438,174853,Europe,0.47738693467336685,-1.2048192771084338,0.952914798206278
160,Sierra Leone,3817,4.0,79,-1.0,2535,16.0,1203,-1,473.0,10.0,116448,14418,8076539,Africa,0.10479434110558031,-1.2658227848101267,0.631163708086785
161,Chad,3597,16.0,128,2.0,3131,43.0,338,-1,215.0,8.0,-1,-1,16713640,Africa,0.4448151237142063,1.5625,1.3733631427658897
162,Comoros,3290,14.0,125,3.0,2730,129.0,435,-1,3735.0,142.0,-1,-1,880963,Africa,0.425531914893617,2.4,4.725274725274725
163,San Marino,3278,31.0,72,-1.0,2956,38.0,250,6,96483.0,2119.0,37012,1089389,33975,Europe,0.9456985967053081,-1.3888888888888888,1.2855209742895806
164,Guinea-Bissau,2869,21.0,46,-1.0,2432,-1.0,391,3,1437.0,23.0,47889,23987,1996490,Africa,0.73196235622168,-2.1739130434782608,-0.041118421052631575
165,Liechtenstein,2537,3.0,52,-1.0,2457,-1.0,28,2,66421.0,1361.0,26039,681721,38196,Europe,0.11824990145841545,-1.9230769230769231,-0.0407000407000407
166,Saint Lucia,2487,72.0,23,1.0,1654,234.0,810,2,13506.0,125.0,27885,151428,184147,North America,2.8950542822677927,4.3478260869565215,14.147521160822249
167,Eritrea,2429,-1.0,7,-1.0,1828,-1.0,594,-1,679.0,2.0,23693,6624,3576661,Africa,-0.04116920543433512,-14.285714285714285,-0.05470459518599562
168,New Zealand,2326,2.0,25,-1.0,2257,12.0,44,-1,465.0,5.0,1578782,315624,5002100,Australia/Oceania,0.08598452278589853,-4.0,0.5316792202038104
169,Mongolia,2247,40.0,2,-1.0,1640,22.0,605,3,679.0,0.6,1242216,375204,3310773,Asia,1.7801513128615931,-50.0,1.3414634146341464
170,Vietnam,2142,2.0,35,-1.0,1529,1.0,578,-1,22.0,0.4,1529651,15628,97879662,Asia,0.09337068160597572,-2.857142857142857,0.06540222367560497
171,Yemen,2136,2.0,616,-1.0,1430,2.0,90,23,71.0,20.0,17404,576,30228696,Asia,0.09363295880149813,-0.16233766233766234,0.13986013986013987
172,Sint Maarten,1991,6.0,27,-1.0,1870,1.0,94,1,46114.0,625.0,16065,372082,43176,North America,0.30135610246107486,-3.7037037037037033,0.053475935828877004
173,Liberia,1956,-1.0,84,-1.0,1770,-1.0,102,2,381.0,16.0,67081,13075,5130495,Africa,-0.051124744376278126,-1.1904761904761905,-0.05649717514124294
174,Barbados,1947,43.0,21,1.0,1587,40.0,339,1,6770.0,73.0,110086,382784,287593,North America,2.2085259373394965,4.761904761904762,2.520478890989288
175,Turks and Caicos,1833,21.0,12,-1.0,1433,9.0,388,8,46952.0,307.0,15932,408094,39040,North America,1.1456628477905073,-8.333333333333332,0.6280530355896721
176,Seychelles,1802,34.0,7,-1.0,1236,21.0,559,-1,18253.0,71.0,5200,52672,98724,Africa,1.8867924528301887,-14.285714285714285,1.6990291262135921
177,Burundi,1797,26.0,3,-1.0,773,-1.0,1021,-1,148.0,0.2,90019,7435,12106858,Africa,1.4468558708959376,-33.33333333333333,-0.129366106080207
178,Monaco,1752,17.0,21,2.0,1490,35.0,241,7,44451.0,533.0,51953,1318136,39414,Europe,0.9703196347031963,9.523809523809524,2.348993288590604
179,Sao Tome and Principe,1478,47.0,19,-1.0,1100,6.0,359,-1,6668.0,86.0,11592,52297,221659,Africa,3.1799729364005414,-5.263157894736842,0.5454545454545455
180,Saint Martin,1408,-1.0,12,-1.0,1050,-1.0,346,7,36037.0,307.0,18619,476543,39071,North America,-0.07102272727272728,-8.333333333333332,-0.09523809523809523
181,St. Vincent Grenadines,1395,25.0,6,-1.0,535,68.0,854,2,12550.0,54.0,32118,288940,111158,North America,1.7921146953405016,-16.666666666666664,12.710280373831775
182,Taiwan,937,1.0,9,-1.0,859,-1.0,69,-1,39.0,0.4,167278,7016,23843510,Asia,0.10672358591248667,-11.11111111111111,-0.11641443538998836
183,Papua New Guinea,914,-1.0,9,-1.0,846,-1.0,59,-1,101.0,1.0,43728,4831,9051125,Australia/Oceania,-0.10940919037199125,-11.11111111111111,-0.1182033096926714
184,Bhutan,863,2.0,1,-1.0,855,1.0,7,-1,1111.0,1.0,496858,639580,776851,Asia,0.2317497103128621,-100.0,0.11695906432748539
185,Bermuda,694,-1.0,12,-1.0,675,2.0,7,3,11169.0,193.0,168422,2710582,62135,North America,-0.1440922190201729,-8.333333333333332,0.2962962962962963
186,Faeroe Islands,657,-1.0,1,-1.0,653,1.0,3,1,13414.0,20.0,226225,4618911,48978,Europe,-0.15220700152207,-100.0,0.1531393568147014
187,Mauritius,595,-1.0,10,-1.0,546,-1.0,39,-1,467.0,8.0,289552,227443,1273077,Africa,-0.16806722689075632,-10.0,-0.18315018315018314
188,Tanzania,509,-1.0,21,-1.0,183,-1.0,305,7,8.0,0.3,-1,-1,60773169,Africa,-0.19646365422396855,-4.761904761904762,-0.546448087431694
189,Cambodia,479,1.0,-1,-1.0,463,6.0,16,-1,28.0,-1.0,428016,25384,16861520,Asia,0.20876826722338201,100.0,1.2958963282937366
190,St. Barth,455,-1.0,1,-1.0,247,-1.0,207,-1,45978.0,101.0,15063,1522130,9896,North America,-0.21978021978021978,-100.0,-0.4048582995951417
191,Isle of Man,436,-1.0,25,-1.0,407,-1.0,4,-1,5111.0,293.0,29583,346762,85312,Europe,-0.22935779816513763,-4.0,-0.2457002457002457
192,Antigua and Barbuda,419,38.0,9,-1.0,199,2.0,211,1,4257.0,91.0,11607,117921,98430,North America,9.069212410501192,-11.11111111111111,1.0050251256281406
193,Cayman Islands,416,5.0,2,-1.0,378,1.0,36,1,6284.0,30.0,70163,1059896,66198,North America,1.201923076923077,-50.0,0.26455026455026454
194,Caribbean Netherlands,360,-1.0,3,-1.0,244,-1.0,113,-1,13650.0,114.0,5145,195078,26374,North America,-0.2777777777777778,-33.33333333333333,-0.4098360655737705
195,Brunei ,184,1.0,3,-1.0,175,-1.0,6,-1,418.0,7.0,94954,215772,440066,Asia,0.5434782608695652,-33.33333333333333,-0.5714285714285714
196,Grenada,148,-1.0,1,-1.0,146,-1.0,1,-1,1312.0,9.0,20288,179785,112846,North America,-0.6756756756756757,-100.0,-0.684931506849315
197,Dominica,121,-1.0,-1,-1.0,110,-1.0,11,-1,1678.0,-1.0,9977,138383,72097,North America,-0.8264462809917356,100.0,-0.9090909090909091
198,British Virgin Islands,114,-1.0,1,-1.0,95,-1.0,18,-1,3756.0,33.0,13223,435612,30355,North America,-0.8771929824561403,-100.0,-1.0526315789473684
199,Timor-Leste,100,-1.0,-1,-1.0,62,-1.0,38,-1,75.0,-1.0,19919,14933,1333868,Asia,-1.0,100.0,-1.6129032258064515
200,Falkland Islands,53,-1.0,-1,-1.0,38,-1.0,15,-1,14963.0,-1.0,6940,1959345,3542,South America,-1.8867924528301887,100.0,-2.631578947368421
201,New Caledonia,52,2.0,-1,-1.0,49,1.0,3,-1,181.0,-1.0,21897,76245,287193,Australia/Oceania,3.8461538461538463,100.0,2.0408163265306123
202,Macao,48,-1.0,-1,-1.0,46,-1.0,2,-1,73.0,-1.0,4369,6672,654789,Asia,-2.083333333333333,100.0,-2.1739130434782608
203,Laos,45,-1.0,-1,-1.0,41,-1.0,4,-1,6.0,-1.0,107208,14605,7340580,Asia,-2.2222222222222223,100.0,-2.4390243902439024
204,Saint Kitts and Nevis,40,-1.0,-1,-1.0,38,-1.0,2,-1,749.0,-1.0,8293,155207,53432,North America,-2.5,100.0,-2.631578947368421
205,Vatican City,27,-1.0,-1,-1.0,15,-1.0,12,-1,33666.0,-1.0,-1,-1,802,Europe,-3.7037037037037033,100.0,-6.666666666666667
206,Saint Pierre Miquelon,24,-1.0,-1,-1.0,16,-1.0,8,-1,4155.0,-1.0,3729,645602,5776,North America,-4.166666666666666,100.0,-6.25
207,Montserrat,19,-1.0,1,-1.0,13,-1.0,5,-1,3805.0,200.0,930,186223,4994,North America,-5.263157894736842,-100.0,-7.6923076923076925
208,Anguilla,18,-1.0,-1,-1.0,16,-1.0,2,-1,1193.0,-1.0,8256,547262,15086,North America,-5.555555555555555,100.0,-6.25
209,Solomon Islands,18,-1.0,-1,-1.0,14,-1.0,4,-1,26.0,-1.0,4500,6454,697195,Australia/Oceania,-5.555555555555555,100.0,-7.142857142857142
210,Western Sahara,10,-1.0,1,-1.0,8,-1.0,1,-1,16.0,2.0,-1,-1,606329,Africa,-10.0,-100.0,-12.5
211,Wallis and Futuna,9,-1.0,-1,-1.0,5,-1.0,4,-1,810.0,-1.0,1202,108132,11116,Australia/Oceania,-11.11111111111111,100.0,-20.0
212,Total:,108713599,423352.0,2392701,12420.0,80882148,403010.0,25438750,99392,13946.9,307.0,-1,-1,-1,All,0.38941954262778106,0.5190786479380416,0.49826817161186177
